image_width: 2048
image_height: 1536
camera_name: narrow_stereo
camera_matrix:
  rows: 3
  cols: 3
  data: [1691.997448, 0.000000, 1061.911431, 0.000000, 1696.737813, 704.324560, 0.000000, 0.000000, 1.000000]
distortion_model: plumb_bob
distortion_coefficients:
  rows: 1
  cols: 5
  data: [-0.040394, 0.013796, -0.007825, 0.001775, 0.000000]
rectification_matrix:
  rows: 3
  cols: 3
  data: [1.000000, 0.000000, 0.000000, 0.000000, 1.000000, 0.000000, 0.000000, 0.000000, 1.000000]
projection_matrix:
  rows: 3
  cols: 4
  data: [1672.689331, 0.000000, 1066.439627, 0.000000, 0.000000, 1679.709229, 694.903591, 0.000000, 0.000000, 0.000000, 1.000000, 0.000000]
