image_width: 2048
image_height: 1536
camera_name: narrow_stereo
camera_matrix:
  rows: 3
  cols: 3
  data: [1744.173005, 0.000000, 1019.616251, 0.000000, 1736.102290, 788.776832, 0.000000, 0.000000, 1.000000]
distortion_model: plumb_bob
distortion_coefficients:
  rows: 1
  cols: 5
  data: [-0.024992, 0.018374, -0.004860, 0.000598, 0.000000]
rectification_matrix:
  rows: 3
  cols: 3
  data: [1.000000, 0.000000, 0.000000, 0.000000, 1.000000, 0.000000, 0.000000, 0.000000, 1.000000]
projection_matrix:
  rows: 3
  cols: 4
  data: [1737.566162, 0.000000, 1020.905832, 0.000000, 0.000000, 1729.777344, 783.668645, 0.000000, 0.000000, 0.000000, 1.000000, 0.000000]
