image_width: 1440
image_height: 928
camera_name: cam_trf
camera_matrix:
  rows: 3
  cols: 3
  data: [1046.5224443874845, 0.0, 727.1667460966332, 0.0, 1040.7609143737002, 479.9303861229027, 0.0, 0.0, 1.0]
distortion_model: plumb_bob
distortion_coefficients:
  rows: 1
  cols: 5
  data: [-0.16654537468916658, 0.06342804814727189, -0.0017877714535670275, -0.0002306725589430867, 0.0]
rectification_matrix:
  rows: 3
  cols: 3
  data: [1.000000, 0.000000, 0.000000, 0.000000, 1.000000, 0.000000, 0.000000, 0.000000, 1.000000]
projection_matrix:
  rows: 3
  cols: 4
  data: [970.7679443359375, 0.0, 727.6452893132155, 0.0, 0.0, 1007.0143432617188, 479.70758809211657, 0.0, 0.0, 0.0, 1.0, 0.0]

# mono pinhole calibration...
# D = [-0.16654537468916658, 0.06342804814727189, -0.0017877714535670275, -0.0002306725589430867, 0.0]
# K = [1046.5224443874845, 0.0, 727.1667460966332, 0.0, 1040.7609143737002, 479.9303861229027, 0.0, 0.0, 1.0]
# R = [1.0, 0.0, 0.0, 0.0, 1.0, 0.0, 0.0, 0.0, 1.0]
# P = [970.7679443359375, 0.0, 727.6452893132155, 0.0, 0.0, 1007.0143432617188, 479.70758809211657, 0.0, 0.0, 0.0, 1.0, 0.0]
# None
# # oST version 5.0 parameters


# [image]

# width
# 1440

# height
# 928

# [narrow_stereo]

# camera matrix
# 1046.522444 0.000000 727.166746
# 0.000000 1040.760914 479.930386
# 0.000000 0.000000 1.000000

# distortion
# -0.166545 0.063428 -0.001788 -0.000231 0.000000

# rectification
# 1.000000 0.000000 0.000000
# 0.000000 1.000000 0.000000
# 0.000000 0.000000 1.000000

# projection
# 970.767944 0.000000 727.645289 0.000000
# 0.000000 1007.014343 479.707588 0.000000
# 0.000000 0.000000 1.000000 0.000000

# **** Calibrating ****
# mono pinhole calibration...
