image_width: 1936
image_height: 1464
camera_name: cam_tcf
camera_matrix:
  rows: 3
  cols: 3
  data: [1372.0263271012982, 0.0, 958.0702290927643, 0.0, 1373.4491391740935, 750.3608160837383, 0.0, 0.0, 1.0]
distortion_model: plumb_bob
distortion_coefficients:
  rows: 1
  cols: 5
  data: [0.016731570567966893, -0.009843604572997777, 0.0020494555383179904, 0.003049306599465909, 0.0]
rectification_matrix:
  rows: 3
  cols: 3
  data: [1.000000, 0.000000, 0.000000, 0.000000, 1.000000, 0.000000, 0.000000, 0.000000, 1.000000]
projection_matrix:
  rows: 3
  cols: 4
  data: [1384.575439453125, 0.0, 965.3000832648977, 0.0, 0.0, 1388.7333984375, 754.0667325946852, 0.0, 0.0, 0.0, 1.0, 0.0]


## cam_tcf_rolling shutter binning 2
# image_width: 1440
# image_height: 928
# camera_name: cam_tcf
# camera_matrix:
#   rows: 3
#   cols: 3
#   data: [1004.1180613108875, 0.0, 702.9247884284246, 0.0, 1002.4795378317014, 449.07377174141567, 0.0, 0.0, 1.0]
# distortion_model: plumb_bob
# distortion_coefficients:
#   rows: 1
#   cols: 5
#   data: [-0.1645910711102005, 0.059392587946458915, -0.0006916555714915267, 0.0024013697819663528, 0.0]
# rectification_matrix:
#   rows: 3
#   cols: 3
#   data: [1.000000, 0.000000, 0.000000, 0.000000, 1.000000, 0.000000, 0.000000, 0.000000, 1.000000]
# projection_matrix:
#   rows: 3
#   cols: 4
#   data: [926.1658325195312, 0.0, 705.5379419580568, 0.0, 0.0, 967.549560546875, 447.51953234629036, 0.0, 0.0, 0.0, 1.0, 0.0]
  
# **** Calibrating ****
# mono pinhole calibration...
# D = [0.016731570567966893, -0.009843604572997777, 0.0020494555383179904, 0.003049306599465909, 0.0]
# K = [1372.0263271012982, 0.0, 958.0702290927643, 0.0, 1373.4491391740935, 750.3608160837383, 0.0, 0.0, 1.0]
# R = [1.0, 0.0, 0.0, 0.0, 1.0, 0.0, 0.0, 0.0, 1.0]
# P = [1384.575439453125, 0.0, 965.3000832648977, 0.0, 0.0, 1388.7333984375, 754.0667325946852, 0.0, 0.0, 0.0, 1.0, 0.0]
# None
# # oST version 5.0 parameters


# [image]

# width
# 1936

# height
# 1464

# [narrow_stereo]

# camera matrix
# 1372.026327 0.000000 958.070229
# 0.000000 1373.449139 750.360816
# 0.000000 0.000000 1.000000

# distortion
# 0.016732 -0.009844 0.002049 0.003049 0.000000

# rectification
# 1.000000 0.000000 0.000000
# 0.000000 1.000000 0.000000
# 0.000000 0.000000 1.000000

# projection
# 1384.575439 0.000000 965.300083 0.000000
# 0.000000 1388.733398 754.066733 0.000000
# 0.000000 0.000000 1.000000 0.000000



