image_width: 1440
image_height: 928
camera_name: cam_tcr
camera_matrix:
  rows: 3
  cols: 3
  data: [1038.4151639528025, 0.0, 728.7085372561004, 0.0, 1040.0125752469678, 451.255759373725, 0.0, 0.0, 1.0]
distortion_model: plumb_bob
distortion_coefficients:
  rows: 1
  cols: 5
  data: [-0.1806226570922351, 0.07536853764070714, -0.0009052807682381776, -0.0011855189502524845, 0.0]
rectification_matrix:
  rows: 3
  cols: 3
  data: [1.000000, 0.000000, 0.000000, 0.000000, 1.000000, 0.000000, 0.000000, 0.000000, 1.000000]
projection_matrix:
  rows: 3
  cols: 4
  data: [957.37548828125, 0.0, 727.4967120582005, 0.0, 0.0, 1003.267578125, 449.7131627040799, 0.0, 0.0, 0.0, 1.0, 0.0]

# mono pinhole calibration...
# *** Added sample 67, p_x = 0.458, p_y = 0.521, p_size = 0.601, skew = 0.180
# D = [-0.1806226570922351, 0.07536853764070714, -0.0009052807682381776, -0.0011855189502524845, 0.0]
# K = [1038.4151639528025, 0.0, 728.7085372561004, 0.0, 1040.0125752469678, 451.255759373725, 0.0, 0.0, 1.0]
# R = [1.0, 0.0, 0.0, 0.0, 1.0, 0.0, 0.0, 0.0, 1.0]
# P = [957.37548828125, 0.0, 727.4967120582005, 0.0, 0.0, 1003.267578125, 449.7131627040799, 0.0, 0.0, 0.0, 1.0, 0.0]
# None
# # oST version 5.0 parameters


# [image]

# width
# 1440

# height
# 928

# [narrow_stereo]

# camera matrix
# 1038.415164 0.000000 728.708537
# 0.000000 1040.012575 451.255759
# 0.000000 0.000000 1.000000

# distortion
# -0.180623 0.075369 -0.000905 -0.001186 0.000000

# rectification
# 1.000000 0.000000 0.000000
# 0.000000 1.000000 0.000000
# 0.000000 0.000000 1.000000

# projection
# 957.375488 0.000000 727.496712 0.000000
# 0.000000 1003.267578 449.713163 0.000000
# 0.000000 0.000000 1.000000 0.000000

