image_width: 1440
image_height: 928
camera_name: cam_tlr
camera_matrix:
  rows: 3
  cols: 3
  data: [1022.8612275188415, 0.0, 714.5602111513915, 0.0, 1024.1756046634766, 460.02066215793405, 0.0, 0.0, 1.0]
distortion_model: plumb_bob
distortion_coefficients:
  rows: 1
  cols: 5
  data: [-0.1818928902545597, 0.08313889692215867, 0.0015175934343796145, -0.0006147181337189779, 0.0]
rectification_matrix:
  rows: 3
  cols: 3
  data: [ 1.,  0.,  0.,
          0.,  1.,  0.,
          0.,  0.,  1.]
projection_matrix:
  rows: 3
  cols: 4
  data: [943.31103515625, 0.0, 712.6748219204019, 0.0, 0.0, 987.1904296875, 460.8405910151778, 0.0, 0.0, 0.0, 1.0, 0.0]