image_width: 1440
image_height: 928
camera_name: cam_tcr
camera_matrix:
  rows: 3
  cols: 3
  data: [1021.3574781516933, 0.0, 728.4639811944274, 0.0, 1021.790714884282, 450.81826625795287, 0.0, 0.0, 1.0]
distortion_model: plumb_bob
distortion_coefficients:
  rows: 1
  cols: 5
  data: [-0.15851948008582234, 0.07663506798984253, 0.001786973565419994, 0.0011137782326134335, 0.0]
rectification_matrix:
  rows: 3
  cols: 3
  data: [ 1.,  0.,  0.,
          0.,  1.,  0.,
          0.,  0.,  1.]
projection_matrix:
  rows: 3
  cols: 4
  data: [954.524658203125, 0.0, 731.393780017228, 0.0, 0.0, 990.0507202148438, 451.30264654937855, 0.0, 0.0, 0.0, 1.0, 0.0]

# mono pinhole calibration...
# D = [-0.15851948008582234, 0.07663506798984253, 0.001786973565419994, 0.0011137782326134335, 0.0]
# K = [1021.3574781516933, 0.0, 728.4639811944274, 0.0, 1021.790714884282, 450.81826625795287, 0.0, 0.0, 1.0]
# R = [1.0, 0.0, 0.0, 0.0, 1.0, 0.0, 0.0, 0.0, 1.0]
# P = [954.524658203125, 0.0, 731.393780017228, 0.0, 0.0, 990.0507202148438, 451.30264654937855, 0.0, 0.0, 0.0, 1.0, 0.0]