image_width: 1440
image_height: 928
camera_name: cam_trf
camera_matrix:
  rows: 3
  cols: 3
  data: [1024.9996105744426, 0.0, 703.967198365669, 0.0, 1027.3618509466849, 460.84492223201465, 0.0, 0.0, 1.0]
distortion_model: plumb_bob
distortion_coefficients:
  rows: 1
  cols: 5
  data: [-0.1853296202233465, 0.09057114953612495, -0.0014788760462273347, -0.002781659348888713, 0.0]
rectification_matrix:
  rows: 3
  cols: 3
  data: [ 1.,  0.,  0.,
          0.,  1.,  0.,
          0.,  0.,  1.]
projection_matrix:
  rows: 3
  cols: 4
  data: [945.6175537109375, 0.0, 696.6638991633808, 0.0, 0.0, 989.8283081054688, 459.5473188447231, 0.0, 0.0, 0.0, 1.0, 0.0]

# mono pinhole calibration...
# *** Added sample 59, p_x = 0.170, p_y = 0.159, p_size = 0.386, skew = 0.114
# D = [-0.1853296202233465, 0.09057114953612495, -0.0014788760462273347, -0.002781659348888713, 0.0]
# K = [1024.9996105744426, 0.0, 703.967198365669, 0.0, 1027.3618509466849, 460.84492223201465, 0.0, 0.0, 1.0]
# R = [1.0, 0.0, 0.0, 0.0, 1.0, 0.0, 0.0, 0.0, 1.0]
# P = [945.6175537109375, 0.0, 696.6638991633808, 0.0, 0.0, 989.8283081054688, 459.5473188447231, 0.0, 0.0, 0.0, 1.0, 0.0]
# None
# # oST version 5.0 parameters


# [image]

# width
# 1440

# height
# 928

# [narrow_stereo]

# camera matrix
# 1024.999611 0.000000 703.967198
# 0.000000 1027.361851 460.844922
# 0.000000 0.000000 1.000000

# distortion
# -0.185330 0.090571 -0.001479 -0.002782 0.000000

# rectification
# 1.000000 0.000000 0.000000
# 0.000000 1.000000 0.000000
# 0.000000 0.000000 1.000000

# projection
# 945.617554 0.000000 696.663899 0.000000
# 0.000000 989.828308 459.547319 0.000000
# 0.000000 0.000000 1.000000 0.000000

