# image_width: 1440
# image_height: 928
# camera_name: cam_tcf
# camera_matrix:
#   rows: 3
#   cols: 3
#   data:  [1023.7658562477743, 0.0, 710.4819821325793, 0.0, 1026.806916969073, 467.15874481123177, 0.0, 0.0, 1.0]
# distortion_model: plumb_bob
# distortion_coefficients:
#   rows: 1
#   cols: 5
#   data: [-0.1711830087005746, 0.06685536388754748, 0.0005418950141057767, -0.0015660683117013135, 0.0]
# rectification_matrix:
#   rows: 3
#   cols: 3
#   data: [ 1.,  0.,  0.,
#           0.,  1.,  0.,
#           0.,  0.,  1.]
# projection_matrix:
#   rows: 3
#   cols: 4
#   data: [944.9129028320312, 0.0, 706.0501404490606, 0.0, 0.0, 991.5428466796875, 467.76674158492824, 0.0, 0.0, 0.0, 1.0, 0.0]

image_width: 1936
image_height: 1464
camera_name: cam_tcf
camera_matrix:
  rows: 3
  cols: 3
  data: [1388.8369023046607, 0.0, 976.9026811463841, 0.0, 1387.6315699776878, 774.112569984836, 0.0, 0.0, 1.0]
distortion_model: plumb_bob
distortion_coefficients:
  rows: 1
  cols: 5
  data: [-0.15991908977896424, 0.07748110553702614, 0.00122701708839662, 0.0031933272007925897, 0.0]
rectification_matrix:
  rows: 3
  cols: 3
  data: [ 1.,  0.,  0.,
          0.,  1.,  0.,
          0.,  0.,  1.]
projection_matrix:
  rows: 3
  cols: 4
  data: [1297.9925537109375, 0.0, 985.8699422414065, 0.0, 0.0, 1329.3702392578125, 778.9957011297229, 0.0, 0.0, 0.0, 1.0, 0.0]

# D = [-0.15991908977896424, 0.07748110553702614, 0.00122701708839662, 0.0031933272007925897, 0.0]
# K = [1388.8369023046607, 0.0, 976.9026811463841, 0.0, 1387.6315699776878, 774.112569984836, 0.0, 0.0, 1.0]
# R = [1.0, 0.0, 0.0, 0.0, 1.0, 0.0, 0.0, 0.0, 1.0]
# P = [1297.9925537109375, 0.0, 985.8699422414065, 0.0, 0.0, 1329.3702392578125, 778.9957011297229, 0.0, 0.0, 0.0, 1.0, 0.0]
# None
# # oST version 5.0 parameters


# [image]

# width
# 1936

# height
# 1464

# [narrow_stereo]

# camera matrix
# 1388.836902 0.000000 976.902681
# 0.000000 1387.631570 774.112570
# 0.000000 0.000000 1.000000

# distortion
# -0.159919 0.077481 0.001227 0.003193 0.000000

# rectification
# 1.000000 0.000000 0.000000
# 0.000000 1.000000 0.000000
# 0.000000 0.000000 1.000000

# projection
# 1297.992554 0.000000 985.869942 0.000000
# 0.000000 1329.370239 778.995701 0.000000
# 0.000000 0.000000 1.000000 0.000000
# 00
