image_width: 1440
image_height: 928
camera_name: cam_trr
camera_matrix:
  rows: 3
  cols: 3
  data: [1039.2619897307136, 0.0, 701.2539166378983, 0.0, 1040.7428454180492, 457.5204111583068, 0.0, 0.0, 1.0]
distortion_model: plumb_bob
distortion_coefficients:
  rows: 1
  cols: 5
  data: [-0.15884505884940964, 0.0767312479022221, 0.0007738593659444465, 0.00045579793152134484, 0.0]
rectification_matrix:
  rows: 3
  cols: 3
  data: [ 1.,  0.,  0.,
          0.,  1.,  0.,
          0.,  0.,  1.]
projection_matrix:
  rows: 3
  cols: 4
  data: [972.8016967773438, 0.0, 700.311429625046, 0.0, 0.0, 1009.3641967773438, 457.68340470737894, 0.0, 0.0, 0.0, 1.0, 0.0]

# mono pinhole calibration...
# D = [-0.15884505884940964, 0.0767312479022221, 0.0007738593659444465, 0.00045579793152134484, 0.0]
# K = [1039.2619897307136, 0.0, 701.2539166378983, 0.0, 1040.7428454180492, 457.5204111583068, 0.0, 0.0, 1.0]
# R = [1.0, 0.0, 0.0, 0.0, 1.0, 0.0, 0.0, 0.0, 1.0]
# P = [972.8016967773438, 0.0, 700.311429625046, 0.0, 0.0, 1009.3641967773438, 457.68340470737894, 0.0, 0.0, 0.0, 1.0, 0.0]
# None
# # oST version 5.0 parameters

