image_width: 1280
image_height: 720
camera_name: usb_cam_front

camera_matrix:
  rows: 3
  cols: 3
  data: [966.2380356327889, 0.0, 671.5108267723501, 0.0, 964.7912781218321, 342.75826358636687, 0.0, 0.0, 1.0]
distortion_model: plumb_bob
distortion_coefficients:
  rows: 1
  cols: 5
  data: [0.04244909041011183, -0.08571648979756859, -0.000820482078816996, 0.006794461620202107, 0.0]
rectification_matrix:
  rows: 3
  cols: 3
  data: [1.0, 0.0, 0.0, 0.0, 1.0, 0.0, 0.0, 0.0, 1.0]
projection_matrix:
  rows: 3
  cols: 4
  data: [965.4050903320312, 0.0, 680.8117991404215, 0.0, 0.0, 973.592529296875, 341.71407253019424, 0.0, 0.0, 0.0, 1.0, 0.0]


# camera_matrix:
#   rows: 3
#   cols: 3
#   data: [0.0, 0.0, 0.0, 0.0, 0.0, 0.0, 0.0, 0.0, 0.0]
# distortion_model: plumb_bob
# distortion_coefficients:
#   rows: 1
#   cols: 5
#   data: []
# rectification_matrix:
#   rows: 3
#   cols: 3
#   data: [0.000000, 0.000000, 0.000000, 0.000000, 0.000000, 0.000000, 0.000000, 0.000000, 0.000000]
# projection_matrix:
#   rows: 3
#   cols: 4
#   data: [0.0, 0.000000, 0.0 , 0.000000, 0.000000, 0.0, 0.0, 0.000000, 0.000000, 0.000000, 0.000000, 0.000000]

