%YAML:1.0
---
CameraExtrinsicMat: !!opencv-matrix
   rows: 4
   cols: 4
   dt: d
   data: [ -4.4805253381970189e-01, 1.0112770674649202e-01,
       8.8826916746329798e-01, 5.4782287602221202e-01,
       -8.9362271846398156e-01, -7.9798449015856976e-02,
       -4.4166802530827082e-01, -6.3710195662829328e-01,
       2.6217627329500615e-02, -9.9166798600280504e-01,
       1.2612391349126539e-01, -2.0840287328139491e+00, 0., 0., 0., 1. ]
CameraMat: !!opencv-matrix
   rows: 3
   cols: 3
   dt: d
   data: [ 1.6670779940817654e+03, 0., 1.0645470251313541e+03, 0.,
       1.6743626378519857e+03, 6.7726794978134569e+02, 0., 0., 1. ]
DistCoeff: !!opencv-matrix
   rows: 1
   cols: 5
   dt: d
   data: [ 5.1789436259108784e-02, -1.6664709407371212e-01,
       -1.5921746351272057e-02, 9.4117945550003157e-04,
       6.5486588302286874e-02 ]
ImageSize: [ 2048, 1536 ]
ReprojectionError: 6.2709606306670862e-01
