image_width: 2048
image_height: 1536
camera_name: narrow_stereo
camera_matrix:
  rows: 3
  cols: 3
  data: [1790.012300, 0.000000, 1029.154390, 0.000000, 1785.537079, 774.989466, 0.000000, 0.000000, 1.000000]
distortion_model: plumb_bob
distortion_coefficients:
  rows: 1
  cols: 5
  data: [0.057218, -0.127151, -0.003371, -0.000894, 0.000000]
rectification_matrix:
  rows: 3
  cols: 3
  data: [1.000000, 0.000000, 0.000000, 0.000000, 1.000000, 0.000000, 0.000000, 0.000000, 1.000000]
projection_matrix:
  rows: 3
  cols: 4
  data: [1800.090088, 0.000000, 1027.648297, 0.000000, 0.000000, 1797.964233, 771.344964, 0.000000, 0.000000, 0.000000, 1.000000, 0.000000]
